<?xml version="1.0"?>
<opencv_storage>
<calibration_time>"Di 20 Nov 2018 16:01:03 CET"</calibration_time>
<nr_of_frames>40</nr_of_frames>
<image_width>640</image_width>
<image_height>480</image_height>
<board_width>7</board_width>
<board_height>9</board_height>
<square_size>20.</square_size>
<fix_aspect_ratio>1.</fix_aspect_ratio>
<!-- flags: +fix_aspectRatio +fix_principal_point +fix_k4 +fix_k5 -->
<flags>6150</flags>
<fisheye_model>0</fisheye_model>
<camera_matrix type_id="opencv-matrix">
  <rows>3</rows>
  <cols>3</cols>
  <dt>d</dt>
  <data>
    5.4840665967621987e+02 0. 320. 0. 5.4840665967621987e+02 240. 0. 0.
    1.</data></camera_matrix>
<distortion_coefficients type_id="opencv-matrix">
  <rows>5</rows>
  <cols>1</cols>
  <dt>d</dt>
  <data>
    -1.2745977774417608e-01 2.5673480915119734e-01
    6.2181312531178434e-05 2.4478544954494273e-03
    -1.7442435168323636e-01</data></distortion_coefficients>
<avg_reprojection_error>1.4282512017877516e+00</avg_reprojection_error>
<per_view_reprojection_errors type_id="opencv-matrix">
  <rows>40</rows>
  <cols>1</cols>
  <dt>f</dt>
  <data>
    3.28664988e-01 1.47891879e-01 1.25174522e-01 1.40679613e-01
    3.77273262e-01 2.64482737e-01 3.79774839e-01 2.19033644e-01
    1.48119479e-01 1.12905517e-01 1.88225836e-01 1.91315874e-01
    1.86295852e-01 4.26335573e+00 1.37256610e+00 2.37885380e+00
    4.19180751e-01 4.33876783e-01 3.66037130e-01 5.99172115e-01
    3.66028500e+00 4.07563001e-01 3.39025408e-01 4.14775610e-01
    7.91961253e-01 1.32376999e-01 4.06570226e-01 5.23658514e-01
    1.94806293e-01 5.78675151e-01 2.72366619e+00 5.21333337e-01
    5.40899634e-01 8.30138385e-01 1.78823078e+00 7.47730613e-01
    2.94825649e+00 3.96569681e+00 9.24955189e-01 1.13916600e+00</data></per_view_reprojection_errors>
<!-- a set of 6-tuples (rotation vector + translation vector) for each view -->
<extrinsic_parameters type_id="opencv-matrix">
  <rows>40</rows>
  <cols>6</cols>
  <dt>d</dt>
  <data>
    -2.3495471899935727e-01 -2.4730971183433173e-01
    -1.5061917702246179e+00 -8.5271486139601549e+01
    5.0044859320130314e+01 1.8206258570325582e+02
    -3.0117991543733363e-01 -2.4953620564649187e-01
    -1.5421743089775402e+00 -7.3485885973139915e+01
    1.1402887908699176e+02 4.2158219389144688e+02
    -1.2461901800702943e-01 -2.7675132168051136e-01
    -1.4916637360846672e+00 -1.1447829884314238e+01
    1.2225062486672451e+02 6.0533637285496229e+02
    -4.3787661584931248e-01 -1.8207037186466210e-01
    -1.4405171242784967e+00 -1.7624869679158601e+00
    1.3907378992284006e+02 7.1240588118801520e+02
    -1.5438945647499422e-01 -3.6454425387849604e-01
    -1.5220875672016378e+00 -1.7412788612928500e+02
    1.1719907216235811e+02 3.5855799126102806e+02 6.9551011368459259e-02
    -3.7782489402408798e-01 -1.4415393545147592e+00
    -1.7159065797640417e+02 -9.2117652030831920e+01
    4.7637943011542677e+02 -1.6406401639844875e-01
    -1.5024287342623874e-01 -1.5311103955835181e+00
    7.3224428927404844e+01 -3.1899069947058027e+01
    4.7084205022392609e+02 -4.0448739811488271e-01
    -1.6187598965996050e-01 -1.4914266186538792e+00
    1.0354056439949153e+02 1.5958279564039140e+02 4.7991493013128081e+02
    -2.8982745959754513e-02 4.5930642741047256e-01
    1.5258338621373986e+00 1.6210344616779804e+02 7.7595631714778108e+01
    5.1964057218768528e+02 -2.6046336095419170e-01
    -1.5544218626193118e-01 -1.5110099527710774e+00
    -1.1533465837940780e+02 1.4458082532090259e+02
    3.9956803600662022e+02 -2.2231100686743976e-01
    -2.8516388977480717e-01 -1.4896453574470871e+00
    -2.3580425136317632e+02 1.1263390069067130e+02
    4.4440162670356835e+02 -1.6563405386986185e-01
    -2.3168043673925654e-02 1.5030862241467249e+00
    -6.2795077913414090e+01 -9.4491369459089015e+01
    4.9279852489859184e+02 5.4084440637441757e-02
    -2.7347932314447965e-01 -1.6155479115248055e+00
    -2.3402428694520250e+02 -9.1041986951826779e+00
    4.9071780485803737e+02 -2.8350696658798247e-01
    -9.4234365581720370e-01 1.1405440066578369e-01
    2.8429728643809284e+01 -8.0600770006812255e+01
    2.8846197946089370e+02 -3.4706846653385054e-01
    -1.0153320577593881e+00 6.1605214339820816e-02
    -4.9374091609348028e+01 -6.8652882929154615e+01
    3.2379027038492069e+02 -1.6030631848176763e-01
    -9.9900849303416184e-01 1.6986562490699503e-01
    1.1690810114478165e+01 -8.8091627060772311e+01
    2.5521738214680167e+02 -2.1553770949484310e-01
    -3.0671991936863102e-01 5.6506108309008284e-02
    -3.0549688826898475e+01 -7.7338638439538272e+01
    2.7646984126254387e+02 -5.0292144581952913e-01
    -2.8949480839244179e-01 -1.3956743759746042e+00
    -1.0781692689238372e+02 8.1463634671160762e+01
    3.5166904435084717e+02 -7.0508472962363655e-01
    -7.3591690435419177e-01 -1.2666018642430259e+00
    -8.8038754853846356e+01 6.3613919172982058e+01
    2.6153064712808333e+02 -8.5184074520914388e-01
    -8.5638506888255150e-01 -1.1999920843946965e+00
    -6.6048867222895296e+01 3.8069122505353782e+01
    2.6251911061452262e+02 -7.5900035029896429e-01
    -7.4584182337660876e-01 -1.2226926703441350e+00
    -3.7213005948123424e+01 4.0229605974108518e+00
    3.4481601456164930e+02 -9.3807166434384498e-02
    -9.2841942766289876e-01 -1.6093925909980937e+00
    1.2523531106893900e+01 5.9633595109817314e+01 2.1167800744726262e+02
    2.7815046012462402e-01 1.2944374508463663e+00 1.4412399557088984e+00
    1.6755138018906285e+02 -6.2852352414540613e+00
    3.2111080246274020e+02 2.6149594240109902e-01
    -4.4035190154069531e-01 6.9257805305988107e-01
    1.0036715189594636e+02 -1.2426330193918984e+02
    4.6097980959131087e+02 7.1508478860553026e-01 5.6950858636919299e-01
    1.0459379529453812e+00 1.1223397132663898e+02
    -1.0765018518152510e+02 4.6257399334807434e+02
    1.7457489131862555e-02 -1.9561874140795257e-01
    -6.2780424379833610e-01 -2.2852902798940673e+02
    -5.1898724098174405e+01 5.0235141312305632e+02
    7.0317986200736993e-01 -1.1423359290174828e-02
    -8.9846541326306184e-01 -1.3334143589826471e+02
    9.2839337039297103e+00 3.1352752985865123e+02 8.8563427934448047e-01
    -1.2096721302396965e-01 -5.8653700232662154e-01
    -2.9113648853697111e+01 -2.3998196183378372e+01
    2.4593632549950865e+02 -3.0760398465301247e-01
    1.1615975028342677e-01 -8.4431331447066479e-02
    4.8064564002412524e+01 -3.7821635359395302e+01
    4.5900802428894048e+02 9.4551141481471035e-01 4.1972577718381428e-02
    -3.0340384588330854e-01 -1.1417728901732449e+00
    -6.5119405004213903e+01 2.7262452016871043e+02
    7.5324710935947015e-01 7.8188267672343870e-01
    -1.0571830941528098e+00 -6.6288960506886852e+01
    2.0910482775862825e+01 3.3028914307224875e+02
    -4.6094047355255949e-02 -5.2579803308708550e-01
    1.3835826099843138e+00 1.1123971285266011e+02
    -1.7553520522883392e+01 3.1256878727874346e+02
    -1.3579962545386487e-01 6.1570437117373122e-01
    -1.4530353598895820e+00 -6.9396976990340406e+01
    1.0459163265837002e+02 4.3206976224191794e+02 8.0364142578032122e-02
    -9.8078250630578581e-02 -1.3845243674365304e+00
    -1.8528115896469399e+02 4.3164838061645234e+01
    4.4699199349362215e+02 1.0228231719914618e+00
    -2.1100481699941981e-01 8.8216840744511027e-01
    -1.5909961071254310e+01 -4.3843584912114025e+01
    2.0258169805907053e+02 7.7511956606014909e-01 1.2618189809947122e-01
    -1.2790169836565868e+00 -3.5704249034297568e+01
    5.2499068019048963e+01 2.4347456530123867e+02
    -1.0091002975724293e+00 -9.3833601491771212e-01
    -1.2467819570653467e+00 -1.0493243306229492e+02
    4.8940260657500978e+01 2.1852005469215075e+02
    -1.1593892697938286e+00 4.5873012217400988e-01
    6.9963609331808618e-01 1.3242713308143024e+01
    -2.0947006255583982e+01 3.7874709741117948e+02
    -9.7645221093511936e-01 -5.1564576806706075e-01
    -2.5732468481733062e-01 -1.5589152811485272e+02
    -4.3783014719319382e+01 3.0721331952407485e+02
    9.8481558788040791e-01 2.5081663374961793e-01 6.3591776765067010e-01
